trappist-1_model_const_res_v05.ecsv
# %ECSV 0.9
# ---
# datatype:
# - {name: WAVELENGTH, datatype: float64}
# - {name: FLUX, datatype: float64}
# schema: astropy-2.0
WAVELENGTH FLUX
[from data line 17262]
17267.0 5.245617017735222e-15
17268.0 6.151310635747308e-15
17269.0 7.096334021126888e-15
17270.0 5.523149875257409e-15
17271.0 6.092063764340564e-15
17272.0 4.81635241615245e-15
17273.0 5.874995444934787e-15
17274.0 5.837242626143516e-15
17275.0 6.803177812056944e-15
17276.0 7.338397975942812e-15
17277.0 6.316351649069037e-15
17278.0 7.120473829005507e-15
17279.0 7.308341247618006e-15
17280.0 5.318491047200557e-15
17281.0 6.981701673548956e-15
17282.0 7.436582548477492e-15
17283.0 6.656141857417755e-15
17284.0 5.049872710383565e-15
17285.0 7.310056921207194e-15
17286.0 7.08555036503858e-15
17287.0 7.598410101397459e-15
17288.0 6.344528625416402e-15
17289.0 4.9830710922117046e-15
17290.0 6.659001696928919e-15
17291.0 6.82080764796515e-15
17292.0 5.266041019480731e-15
17293.0 6.780755383992961e-15
17294.0 6.360486669211967e-15
17295.0 4.925110695065636e-15
17296.0 5.470430962698063e-15
17297.0 6.742813248230138e-15
17298.0 6.5980335620532036e-15
17299.0 6.315514995873622e-15
17300.0 5.451745810756978e-15
17301.0 7.268667716540402e-15
17302.0 6.61856066619588e-15
17303.0 6.026378103474033e-15
17304.0 7.500815887231688e-15
17305.0 7.089495742680957e-15
17306.0 6.904446399892239e-15
17307.0 7.018004853146849e-15
17308.0 7.48276945158938e-15
17309.0 7.523187011610205e-15
17310.0 6.929232012304381e-15
17311.0 6.9091157682756515e-15
17312.0 4.8210237142861934e-15
17313.0 5.813174886644598e-15
17314.0 6.455372446787274e-15
17315.0 6.887012982611335e-15
17316.0 5.994326338699622e-15
17317.0 5.550249342295381e-15
17318.0 6.071906180513156e-15
17319.0 4.625295237579138e-15
17320.0 4.90860491137631e-15
17321.0 4.7068069623278175e-15
17322.0 6.517633555991637e-15
17323.0 6.078989019994349e-15
17324.0 6.427195869968146e-15
17325.0 6.349703514663944e-15
17326.0 6.719528686457793e-15
17327.0 6.824898156183079e-15
17328.0 6.7454236656137346e-15
17329.0 5.3229178635222605e-15
17330.0 5.813486680940728e-15
17331.0 6.655958914286413e-15
17332.0 6.542711299996364e-15
17333.0 6.814783914348209e-15
17334.0 6.980666649848826e-15
17335.0 4.877731968992718e-15
17336.0 6.772605094566484e-15
17337.0 6.812793493855936e-15
17338.0 7.22001349489945e-15
17339.0 6.5519321406543565e-15
17340.0 5.48642612136393e-15
17341.0 5.877841188833363e-15
17342.0 6.610624841272347e-15
17343.0 5.787523544004828e-15
17344.0 5.059928619565714e-15
17345.0 5.077185465073944e-15
17346.0 6.51356466603562e-15
17347.0 6.249048518612334e-15
17348.0 6.084158124850586e-15
17349.0 6.08190556927123e-15
17350.0 4.717358516065057e-15
17351.0 6.252197146458841e-15
17352.0 6.38596745357872e-15
17353.0 5.675743332673849e-15
17354.0 4.80195753679538e-15
17355.0 6.235813367836002e-15
17356.0 5.329898764015138e-15
17357.0 6.225247041376806e-15
17358.0 6.610123882185218e-15
17359.0 6.958860266200404e-15
17360.0 4.854520697966225e-15
17361.0 6.7651825686518165e-15
17362.0 6.7065905232585106e-15
17363.0 5.6581297008202524e-15
17364.0 6.968098250155913e-15
17365.0 7.10562594896294e-15
17366.0 4.859752101496026e-15
17367.0 6.278277064340031e-15
17368.0 5.75148105383046e-15
17369.0 6.785195307177587e-15
17370.0 4.428795867108479e-15
17371.0 6.5096183234870584e-15
17372.0 5.652767215881295e-15
17373.0 4.802214839886233e-15
17374.0 5.7414975075663495e-15
17375.0 7.077546695774502e-15
17376.0 6.9334926459110335e-15
17377.0 7.168549591994446e-15
17378.0 6.785176941265767e-15
17379.0 5.139646667593442e-15
17380.0 6.167301777644801e-15
17381.0 5.087531435002014e-15
17382.0 7.094843884514888e-15
17383.0 5.848085182413162e-15
17384.0 5.451575722550022e-15
17385.0 5.47736334662851e-15
17386.0 6.393881971218892e-15
17387.0 6.941590929685898e-15
17388.0 6.905828051560107e-15
17389.0 4.514523551920469e-15
17390.0 5.647334473012842e-15
17391.0 7.078083625306875e-15
17392.0 6.995759230802897e-15
17393.0 6.0649190631582694e-15
17394.0 5.499470602728409e-15
17395.0 5.985913382081455e-15
17396.0 6.648040447313766e-15
17397.0 6.787980493018083e-15
17398.0 3.724742400931934e-15
17399.0 5.9692251331643864e-15
17400.0 6.1133423766901625e-15
17401.0 6.725089773015728e-15
17402.0 6.9271465814953975e-15
17403.0 5.8247867729962976e-15
17404.0 4.1102036383290685e-15
17405.0 5.2010238369748134e-15
17406.0 6.358022106331715e-15
17407.0 4.5593769780738495e-15
17408.0 4.355377603299461e-15
17409.0 5.923511512317396e-15
17410.0 6.3163372242592455e-15
17411.0 4.3265508521997875e-15
17412.0 4.408523617436607e-15
17413.0 7.087451394665635e-15
17414.0 6.767019755300463e-15
17415.0 6.91879250280741e-15
17416.0 5.387566702666844e-15
17417.0 6.671101812492389e-15
17418.0 4.6366212600305105e-15
17419.0 6.892849884355438e-15
17420.0 6.880443924343946e-15
17421.0 7.254472895033098e-15
17422.0 6.1304498555688855e-15
17423.0 5.993696975724942e-15
17424.0 6.635900304749288e-15
17425.0 5.208673765241668e-15
17426.0 4.073740487377382e-15
17427.0 5.4130187720583384e-15
17428.0 5.808823135226404e-15
17429.0 6.567657849495665e-15
17430.0 5.905882533637138e-15
17431.0 6.870211432304903e-15
17432.0 4.986728193274704e-15
17433.0 5.543173803096684e-15
17434.0 7.11133519992608e-15
17435.0 7.38191589327191e-15
17436.0 5.759379695041584e-15
17437.0 4.572754687348978e-15
17438.0 5.322199370451051e-15
17439.0 5.046142564619586e-15
17440.0 5.77525659190207e-15
17441.0 6.123669560250507e-15
17442.0 5.293546667933669e-15
17443.0 6.7069137565939724e-15
17444.0 6.642068657330571e-15
17445.0 4.570481398673684e-15
17446.0 5.661638530399517e-15
17447.0 5.845839990974646e-15
17448.0 6.714589905762462e-15
17449.0 4.229693078980645e-15
17450.0 6.0316914222449464e-15
17451.0 6.1721303790612716e-15
17452.0 5.130632178967934e-15
17453.0 6.216898505502026e-15
17454.0 4.9662383906556344e-15
17455.0 5.801811019211955e-15
17456.0 5.54633395929735e-15
17457.0 6.6635806151803005e-15
17458.0 4.829146549691537e-15
17459.0 6.4807494063800305e-15
17460.0 6.48935641243547e-15
17461.0 4.999390193706525e-15
17462.0 7.0172747293372e-15
17463.0 6.761358746958213e-15
17464.0 5.163283700082424e-15
17465.0 4.4222971623306255e-15
17466.0 5.9495594659751635e-15
17467.0 6.215681865695732e-15
17468.0 4.387091009058486e-15
17469.0 5.245644705745071e-15
17470.0 6.819313467122378e-15
17471.0 4.4352888777404315e-15
17472.0 6.143835501621311e-15
17473.0 5.604314356988205e-15
17474.0 6.0960532313092964e-15
17475.0 2.8367108831319243e-15
17476.0 5.8913527894088285e-15
17477.0 6.857827826001604e-15
17478.0 5.406749690716014e-15
17479.0 5.9423968311513325e-15
17480.0 6.405773024306486e-15
17481.0 5.016175779116942e-15
17482.0 5.078243550445475e-15
17483.0 4.358554152275993e-15
17484.0 5.3463500159053e-15
17485.0 6.3300450015737236e-15
17486.0 6.143794019733683e-15
17487.0 6.766220120650169e-15
17488.0 6.9205488886547044e-15
17489.0 7.06832932336074e-15
17490.0 6.086970494430949e-15
17491.0 6.211623051895589e-15
17492.0 4.358675033845093e-15
17493.0 5.986380277043778e-15
17494.0 6.103147507699832e-15
17495.0 4.257384256869186e-15
17496.0 6.349729436912019e-15
17497.0 5.927316032992177e-15
17498.0 6.5386897652411956e-15
17499.0 4.721318950772727e-15
17500.0 6.721524942130262e-15
17501.0 6.614790144898342e-15
17502.0 5.9738206741685244e-15
17503.0 3.716319652563266e-15
17504.0 5.498909400325422e-15
17505.0 4.436845153108593e-15
17506.0 4.756695013270617e-15
17507.0 3.8436307543511836e-15
17508.0 4.336731608392854e-15
17509.0 4.706032983345965e-15
17510.0 5.15017900772417e-15
17511.0 6.1889448173172764e-15
17512.0 6.836043933145883e-15
17513.0 4.612166240876048e-15
17514.0 5.620236163303944e-15
17515.0 5.991453966223446e-15
17516.0 6.041415495930251e-15
17517.0 6.20508419374421e-15
17518.0 4.93419935282009e-15
17519.0 4.660629462522415e-15
17520.0 6.291073589258269e-15
17521.0 4.437241200154848e-15
17522.0 5.112773830610479e-15
17523.0 6.883721141552577e-15
17524.0 5.702911020047314e-15
17525.0 4.945868596723324e-15
17526.0 5.718234493786923e-15
17527.0 7.129540067373626e-15
17528.0 6.353272732915379e-15
17529.0 5.328372867971667e-15
17530.0 7.0345250838764456e-15
17531.0 6.752517288510906e-15
17532.0 4.672268961651887e-15
17533.0 6.2400640619783755e-15
17534.0 4.848409576522599e-15
17535.0 6.0607369587288916e-15
17536.0 4.715931078233884e-15
17537.0 4.988192435948885e-15
17538.0 5.450463513654998e-15
17539.0 5.973654562591005e-15
17540.0 6.4657228755497185e-15
17541.0 4.5819421390890196e-15
17542.0 5.539442425764171e-15
17543.0 4.910215306793806e-15
17544.0 4.204393772043227e-15
17545.0 6.16611583655831e-15
17546.0 3.7178869990821815e-15
17547.0 5.306956636756378e-15
17548.0 5.948885063305643e-15
17549.0 6.609272408498166e-15
17550.0 6.691606805931856e-15
17551.0 4.9121800154934326e-15
17552.0 6.248272625431147e-15
17553.0 4.883888480235378e-15
17554.0 5.2328109364200464e-15
17555.0 5.605846271060146e-15
17556.0 4.494889585931914e-15
17557.0 5.975788780739992e-15
17558.0 5.200075421297526e-15
17559.0 3.6794449016052534e-15
17560.0 4.217048746795835e-15
17561.0 4.247032858713103e-15
17562.0 4.647341419356855e-15
17563.0 4.0013864317721476e-15
17564.0 6.092773942550898e-15
17565.0 4.6545866178280005e-15
17566.0 5.337467172660688e-15
17567.0 4.190478823105034e-15
17568.0 4.700446362156791e-15
17569.0 4.672887659042467e-15
17570.0 5.333317914146548e-15
17571.0 4.658706400877706e-15
17572.0 5.8968400156863806e-15
17573.0 6.121887736138514e-15
17574.0 5.49265265913231e-15
17575.0 6.589161533554036e-15
17576.0 6.248905809194435e-15
17577.0 5.365491288657151e-15
17578.0 3.1125077623244656e-15
17579.0 5.55329784542949e-15
17580.0 5.663659214866144e-15
17581.0 4.179919636972283e-15
17582.0 4.085866040667883e-15
17583.0 5.586578932922373e-15
17584.0 5.3105294733646464e-15
17585.0 5.638868484604833e-15
17586.0 3.97869466848948e-15
17587.0 5.16977823374e-15
17588.0 4.187705840804872e-15
17589.0 5.103915906678129e-15
17590.0 5.5470113869043315e-15
17591.0 4.242317815029268e-15
17592.0 5.613665007347881e-15
17593.0 6.572878359056799e-15
17594.0 4.219508738448547e-15
17595.0 5.634445967554362e-15
17596.0 5.740042566703592e-15
17597.0 6.185616116159845e-15
17598.0 5.303587436071014e-15
17599.0 6.3031797407173105e-15
17600.0 4.578894974726053e-15
17601.0 5.485934716564428e-15
17602.0 6.481698296962387e-15
17603.0 5.740700749726148e-15
17604.0 6.6534584111530095e-15
17605.0 5.903506875798252e-15
17606.0 3.833139615362984e-15
17607.0 4.1305413680318205e-15
17608.0 5.407917118590497e-15
17609.0 3.9189050724884275e-15
17610.0 4.715734589565062e-15
17611.0 6.058779165011032e-15
17612.0 4.737037910047712e-15
17613.0 4.024631841245624e-15
17614.0 6.3456783811768035e-15
17615.0 5.172137537515073e-15
17616.0 5.757647712821477e-15
17617.0 6.379734585521189e-15
17618.0 6.126439661129043e-15
17619.0 5.8477181228568186e-15
17620.0 4.73523253395301e-15
17621.0 5.61261184004072e-15
17622.0 2.8228345470467644e-15
17623.0 4.469871105302853e-15
17624.0 5.886090439459989e-15
17625.0 3.874596768636438e-15
17626.0 5.547577374878034e-15
17627.0 4.288816190601988e-15
17628.0 4.117351293553071e-15
17629.0 4.588582027281298e-15
17630.0 5.067467439629881e-15
17631.0 4.438688790628644e-15
17632.0 5.1011039858639274e-15
17633.0 3.770445997094363e-15
17634.0 4.53217063057398e-15
17635.0 6.0517397421515606e-15
17636.0 6.145268784558847e-15
17637.0 6.5642787978336685e-15
17638.0 6.33723631137863e-15
17639.0 5.885933206797806e-15
17640.0 5.388899932898054e-15
17641.0 5.385822299730135e-15
17642.0 4.65971843735269e-15
17643.0 5.619984633499496e-15
17644.0 4.643476668084118e-15
17645.0 3.007794436145897e-15
17646.0 6.350744055493323e-15
17647.0 4.932436706477009e-15
17648.0 3.5188667522884643e-15
17649.0 5.743207678191756e-15
17650.0 6.06264712723347e-15
17651.0 4.366857112070664e-15
17652.0 6.571982229383313e-15
17653.0 5.0396914886118906e-15
17654.0 4.823481963793138e-15
17655.0 5.418466832905528e-15
17656.0 5.170239684034095e-15
17657.0 4.637651670048056e-15
17658.0 6.376643112670364e-15
17659.0 5.3041367190495276e-15
17660.0 5.105325809252253e-15
17661.0 6.530426117225816e-15
17662.0 6.161275507705986e-15
17663.0 6.128650729526815e-15
17664.0 5.87913973403732e-15
17665.0 6.3208153557228665e-15
17666.0 5.2640714308911195e-15
17667.0 6.4476617249640185e-15
17668.0 5.476038347382063e-15
17669.0 2.220871654437705e-15
17670.0 5.625889037482923e-15
17671.0 4.638098505591011e-15
17672.0 3.4327319812706744e-15
17673.0 5.220903353658195e-15
17674.0 5.5564174915970285e-15
17675.0 4.680663399060987e-15
17676.0 4.626319864322071e-15
17677.0 5.275194933637786e-15
17678.0 3.693403052635876e-15
17679.0 3.9960954453061305e-15
17680.0 4.515978410954384e-15
17681.0 5.535186631908564e-15
17682.0 3.3339053879333886e-15
17683.0 3.972823079939686e-15
17684.0 3.3238842964582625e-15
17685.0 4.0289854033001405e-15
17686.0 4.903934910365165e-15
17687.0 4.852473971165577e-15
17688.0 4.502803950605712e-15
17689.0 4.376497266504387e-15
17690.0 4.179707870773856e-15
17691.0 5.9014213969300745e-15
17692.0 4.650400378632932e-15
17693.0 5.435313991779588e-15
17694.0 4.182845479830141e-15
17695.0 3.754360399256607e-15
17696.0 6.650290746944116e-15
17697.0 6.387143723228129e-15
17698.0 5.349676402859531e-15
17699.0 6.358531642123743e-15
17700.0 5.936002485630229e-15
17701.0 5.694670829467899e-15
17702.0 3.4475115444664508e-15
17703.0 3.436847113290591e-15
17704.0 4.7374822858863974e-15
17705.0 5.820909819196523e-15
17706.0 6.242761301707311e-15
17707.0 6.2245073950846246e-15
17708.0 4.504505985454844e-15
17709.0 4.81950346128954e-15
17710.0 4.9849809609253494e-15
17711.0 3.4640129593600124e-15
17712.0 5.843245027765075e-15
17713.0 4.262261481885258e-15
17714.0 5.768434541685102e-15
17715.0 4.888238588996953e-15
17716.0 4.057090532311142e-15
17717.0 3.1643335195656935e-15
17718.0 5.9537954612628084e-15
17719.0 5.699365066622838e-15
17720.0 5.159330273662494e-15
17721.0 5.247222027503827e-15
17722.0 4.28712518254605e-15
17723.0 5.163308738033065e-15
17724.0 2.269899544684018e-15
17725.0 3.663748923434278e-15
17726.0 4.420939546814958e-15
17727.0 4.303042482050939e-15
17728.0 3.970948172076668e-15
17729.0 4.325564343717918e-15
17730.0 4.3786514101108405e-15
17731.0 3.4055082297873195e-15
17732.0 5.334561650880105e-15
17733.0 4.53340143435934e-15
17734.0 4.419420557915717e-15
17735.0 5.528125319430582e-15
17736.0 5.029454983444067e-15
17737.0 6.124397370518701e-15
17738.0 6.198565169067814e-15
17739.0 4.240432411030098e-15
17740.0 6.1124476795694206e-15
17741.0 5.948931436146797e-15
17742.0 5.928930596469382e-15
17743.0 4.142892791591257e-15
17744.0 4.566945910696959e-15
17745.0 3.782454605223542e-15
17746.0 5.393489370963632e-15
17747.0 4.213771800323418e-15
17748.0 5.8220752548065005e-15
17749.0 4.744881378911685e-15
17750.0 3.211598717519042e-15
17751.0 5.663725841679546e-15
17752.0 4.028842706641503e-15
17753.0 4.743018853446129e-15
17754.0 3.874979374287253e-15
17755.0 4.227954668864075e-15
17756.0 5.148860007749872e-15
17757.0 5.271529545486499e-15
17758.0 6.301712650928819e-15
17759.0 4.2027782803659766e-15
17760.0 2.3724533327357293e-15
17761.0 5.4608037196438025e-15
17762.0 3.8642608673575795e-15
17763.0 4.8650708357356915e-15
17764.0 4.1794093303720015e-15
17765.0 2.6563245494654668e-15
17766.0 4.632339249491891e-15
17767.0 3.911640587494799e-15
17768.0 3.2615260705631196e-15
17769.0 5.483276313461561e-15
17770.0 4.9758265049236344e-15
17771.0 4.716138711693214e-15
17772.0 6.144609640249022e-15
17773.0 5.591041724714445e-15
17774.0 4.276641955292255e-15
17775.0 3.565015935447431e-15
17776.0 5.329969855432499e-15
17777.0 4.996324021994532e-15
17778.0 3.461871065078339e-15
17779.0 4.865081452185263e-15
17780.0 4.744179601795806e-15
17781.0 5.017771845429443e-15
17782.0 5.122851270683587e-15
17783.0 4.228791648154767e-15
17784.0 4.132890021132724e-15
17785.0 4.332155507249805e-15
17786.0 6.036089914227436e-15
17787.0 5.907354152239483e-15
17788.0 4.9508148725849035e-15
17789.0 4.870840795034951e-15
17790.0 3.991978564171449e-15
17791.0 2.883701553736601e-15
17792.0 4.059199666249412e-15
17793.0 5.595536659090759e-15
17794.0 5.595227382959889e-15
17795.0 3.492311159915366e-15
17796.0 3.590534389764036e-15
