trappist-1_model_const_res_v05.ecsv
# %ECSV 0.9
# ---
# datatype:
# - {name: WAVELENGTH, datatype: float64}
# - {name: FLUX, datatype: float64}
# schema: astropy-2.0
WAVELENGTH FLUX
[from data line 86953]
86958.0 3.1219133455211456e-17
86959.0 2.9004849537565194e-17
86960.0 2.6584200187108896e-17
86961.0 2.130862711511259e-17
86962.0 2.3571161305069684e-17
86963.0 2.780784515853614e-17
86964.0 2.952916582704775e-17
86965.0 3.112166345491188e-17
86966.0 3.305059156792328e-17
86967.0 3.387785696648909e-17
86968.0 3.4192544182054784e-17
86969.0 3.407926676024932e-17
86970.0 3.4597011926945757e-17
86971.0 3.441783550728003e-17
86972.0 3.3686120222812056e-17
86973.0 3.3732665675880415e-17
86974.0 3.332672885822155e-17
86975.0 3.053318607403604e-17
86976.0 2.887668245114347e-17
86977.0 3.1574345076166734e-17
86978.0 3.272248831000259e-17
86979.0 3.371066308517681e-17
86980.0 3.470905850399974e-17
86981.0 3.520960865371273e-17
86982.0 3.503741529277818e-17
86983.0 3.464005220216842e-17
86984.0 3.334071772315074e-17
86985.0 3.14995125276909e-17
86986.0 2.5785234705250052e-17
86987.0 2.1906861091313498e-17
86988.0 2.827170653935995e-17
86989.0 2.8909203056925994e-17
86990.0 3.120407752729207e-17
86991.0 3.274697699203722e-17
86992.0 3.312687747273537e-17
86993.0 3.340032766681376e-17
86994.0 3.291762104368446e-17
86995.0 3.1870978247682844e-17
86996.0 3.0631543225542576e-17
86997.0 2.9052171299638434e-17
86998.0 2.542508398885722e-17
86999.0 2.092078611412424e-17
87000.0 2.4835417949441137e-17
87001.0 2.875541446462075e-17
87002.0 3.046809771317608e-17
87003.0 3.1506178776247464e-17
87004.0 3.061047700329238e-17
87005.0 3.127239189254099e-17
87006.0 3.2433414328514293e-17
87007.0 3.2813809876809054e-17
87008.0 3.222235133700557e-17
87009.0 3.1288939227104806e-17
87010.0 2.9986700930546756e-17
87011.0 2.6985401809351203e-17
87012.0 2.874168161209114e-17
87013.0 3.172381413131323e-17
87014.0 3.1270848373517965e-17
87015.0 2.783248521462287e-17
87016.0 2.6067213545034172e-17
87017.0 2.981316877779079e-17
87018.0 3.1252712852178047e-17
87019.0 3.2315493528340265e-17
87020.0 3.365509722752856e-17
87021.0 3.441125363114595e-17
87022.0 3.422961179966451e-17
87023.0 3.4036470916897666e-17
87024.0 3.425714988302732e-17
87025.0 3.4054321060926254e-17
87026.0 3.2960648911197936e-17
87027.0 3.142697499182459e-17
87028.0 3.0179576701927277e-17
87029.0 2.875323401652606e-17
87030.0 3.1856201493220197e-17
87031.0 3.321261805194894e-17
87032.0 3.3349472602754e-17
87033.0 3.343855871395504e-17
87034.0 3.278915451788099e-17
87035.0 3.235943336247908e-17
87036.0 3.1832803448823215e-17
87037.0 3.1040337952217813e-17
87038.0 2.811512703966795e-17
87039.0 2.4241517986059702e-17
87040.0 2.509111932911598e-17
87041.0 2.9897212395977706e-17
87042.0 3.120500272880721e-17
87043.0 2.910455747501203e-17
87044.0 2.936559292886692e-17
87045.0 3.21548438864442e-17
87046.0 3.352406892336802e-17
87047.0 3.368799709562194e-17
87048.0 3.270047703390255e-17
87049.0 3.070159508366816e-17
87050.0 3.071853987851631e-17
87051.0 2.913767489160651e-17
87052.0 2.5764464613659152e-17
87053.0 2.700902898277786e-17
87054.0 3.050063486257085e-17
87055.0 2.989481481297222e-17
87056.0 2.8975581819541536e-17
87057.0 2.798599546065199e-17
87058.0 2.927353848003773e-17
87059.0 3.1290877724870324e-17
87060.0 3.091369577325533e-17
87061.0 3.0982054806257327e-17
87062.0 3.08631786124758e-17
87063.0 3.028721440631635e-17
87064.0 2.8573365246687627e-17
87065.0 2.58762849568156e-17
87066.0 2.5235609997745824e-17
87067.0 2.4651513778984367e-17
87068.0 2.5384146406751664e-17
87069.0 2.4264619486207083e-17
87070.0 2.0212087130200552e-17
87071.0 1.86350077353641e-17
87072.0 2.3078215840318202e-17
87073.0 2.4875312043203957e-17
87074.0 2.5466279237723586e-17
87075.0 2.735238545119403e-17
87076.0 2.599254064241656e-17
87077.0 2.107228961998731e-17
87078.0 2.251411381773307e-17
87079.0 2.3842972027173996e-17
87080.0 2.54020325331369e-17
87081.0 2.7310435813609015e-17
87082.0 2.5480160155582838e-17
87083.0 2.256317844935696e-17
87084.0 2.568219736583769e-17
87085.0 2.4213485662280892e-17
87086.0 2.379035382763858e-17
87087.0 2.3299548279131772e-17
87088.0 2.0878331069184956e-17
87089.0 2.6050744792628548e-17
87090.0 2.8049648249558865e-17
87091.0 2.6746152224879428e-17
87092.0 2.5578913940193094e-17
87093.0 2.7479273716388745e-17
87094.0 2.5806374132984457e-17
87095.0 2.234797417811149e-17
87096.0 2.2770233750797864e-17
87097.0 1.8770707955624344e-17
87098.0 2.1945248062000246e-17
87099.0 2.6230642927378724e-17
87100.0 2.5376479683244217e-17
87101.0 2.392077704918104e-17
87102.0 2.7224170801887084e-17
87103.0 2.7046611520318902e-17
87104.0 2.343407390292219e-17
87105.0 2.6135622622463226e-17
87106.0 2.946701892044603e-17
87107.0 3.0030069596472605e-17
87108.0 2.974858251556265e-17
87109.0 3.049500589850243e-17
87110.0 3.080955538849613e-17
87111.0 3.170152409534676e-17
87112.0 3.258953102065357e-17
87113.0 3.2455033934594286e-17
87114.0 3.1960350149785523e-17
87115.0 3.0750716790754315e-17
87116.0 2.990427734558952e-17
87117.0 3.005657949433401e-17
87118.0 2.92290969608574e-17
87119.0 2.833594497214051e-17
87120.0 2.66787266651987e-17
87121.0 2.1909409634780774e-17
87122.0 1.9845884760446282e-17
87123.0 2.4632750841149826e-17
87124.0 2.5139693442636625e-17
87125.0 2.7000857679096756e-17
87126.0 2.814264857941851e-17
87127.0 3.038261025122995e-17
87128.0 3.1458359465035774e-17
87129.0 3.0915886974697985e-17
87130.0 2.9085578229447307e-17
87131.0 3.0543759510216e-17
87132.0 3.2790446160407494e-17
87133.0 3.3210823483610005e-17
87134.0 3.2753183328173205e-17
87135.0 3.137313463293413e-17
87136.0 2.822961669466111e-17
87137.0 2.8959237144227795e-17
87138.0 3.066245744657552e-17
87139.0 2.9455818481361754e-17
87140.0 2.926026595351901e-17
87141.0 3.224261478047128e-17
87142.0 3.350559798028971e-17
87143.0 3.3370738589122126e-17
87144.0 3.280754481084958e-17
87145.0 3.3056960858639936e-17
87146.0 3.2064794937010144e-17
87147.0 3.228406521455662e-17
87148.0 3.199997995934263e-17
87149.0 3.25985869939998e-17
87150.0 3.18611831884593e-17
87151.0 2.9343624666158737e-17
87152.0 2.5615222206000497e-17
87153.0 2.4358257572319005e-17
87154.0 2.6112337074629552e-17
87155.0 2.909697181520461e-17
87156.0 3.060952202327519e-17
87157.0 3.0544369555917756e-17
87158.0 3.028964797167848e-17
87159.0 2.9043278280872876e-17
87160.0 2.8491940895910357e-17
87161.0 2.4977602024932877e-17
87162.0 2.5727051648143684e-17
87163.0 2.867490166687851e-17
87164.0 2.910616551412283e-17
87165.0 3.0455284271897326e-17
87166.0 2.993082033067543e-17
87167.0 3.0696535219861173e-17
87168.0 3.077885209851939e-17
87169.0 2.984798729131498e-17
87170.0 2.8375143407008176e-17
87171.0 2.5743756147023887e-17
87172.0 2.0813834969643584e-17
87173.0 2.2352640717537206e-17
87174.0 2.667809014971734e-17
87175.0 2.799587613306894e-17
87176.0 2.8195425597631536e-17
87177.0 2.712043077254436e-17
87178.0 2.335596613281095e-17
87179.0 1.7956006603382597e-17
87180.0 2.1532969250584935e-17
87181.0 2.5628529474104943e-17
87182.0 2.8171024596741834e-17
87183.0 2.9349499716459394e-17
87184.0 2.843476286324824e-17
87185.0 2.7169444532560576e-17
87186.0 2.7649987664797745e-17
87187.0 2.48319231113531e-17
87188.0 2.5272913775420434e-17
87189.0 2.803638854433964e-17
87190.0 2.8428147899889655e-17
87191.0 2.754870022597124e-17
87192.0 2.7296115662844497e-17
87193.0 2.7878544285491047e-17
87194.0 2.4936558563708915e-17
87195.0 2.475504411804181e-17
87196.0 2.641977818802928e-17
87197.0 2.4570835131529313e-17
87198.0 2.3437201472818253e-17
87199.0 2.4877030510926536e-17
87200.0 2.620721179575724e-17
87201.0 2.8294969753317086e-17
87202.0 2.7612794729325217e-17
87203.0 2.5562409205430823e-17
87204.0 2.675888460245815e-17
87205.0 2.752662608414465e-17
87206.0 2.6801510873784233e-17
87207.0 2.361624430281505e-17
87208.0 1.8453327026393872e-17
87209.0 2.1728531704595028e-17
87210.0 2.6172998778441435e-17
87211.0 2.677588812712979e-17
87212.0 2.5486451691321917e-17
87213.0 2.3827708890511168e-17
87214.0 2.269521798181635e-17
87215.0 2.730476714487119e-17
87216.0 2.949491972250744e-17
87217.0 2.859165917311485e-17
87218.0 2.7462537784645265e-17
87219.0 2.9530813570827955e-17
87220.0 3.007107418020778e-17
87221.0 2.9617212999399425e-17
87222.0 2.772287509806316e-17
87223.0 2.8396441239829885e-17
87224.0 2.861675086981603e-17
87225.0 2.4859908285836995e-17
87226.0 2.413067661115821e-17
87227.0 2.4214244186902604e-17
87228.0 1.9634761798343148e-17
87229.0 2.4457835228819363e-17
87230.0 2.789409776254888e-17
87231.0 2.863201317929825e-17
87232.0 2.869993297939498e-17
87233.0 2.7783572370641383e-17
87234.0 2.7507503736333954e-17
87235.0 2.4802167770358343e-17
87236.0 1.9496318233581372e-17
87237.0 2.11660575734554e-17
87238.0 2.1210251352042272e-17
87239.0 2.4458549499278303e-17
87240.0 2.7551541177785052e-17
87241.0 2.829554877974587e-17
87242.0 2.683088405733599e-17
87243.0 2.9066332218135035e-17
87244.0 3.0574177009291104e-17
87245.0 3.098923969705796e-17
87246.0 3.0367043125692007e-17
87247.0 3.0016605991232385e-17
87248.0 3.028490202291396e-17
87249.0 2.880446668853545e-17
87250.0 2.476178977593718e-17
87251.0 2.2571621481869288e-17
87252.0 2.5739323286121215e-17
87253.0 2.7195329081878892e-17
87254.0 2.786944695311419e-17
87255.0 3.063770323956426e-17
87256.0 3.1683737230635034e-17
87257.0 3.082689102618371e-17
87258.0 2.891603556878568e-17
87259.0 3.03444474464892e-17
87260.0 3.1775692417790717e-17
87261.0 3.2626424516744354e-17
87262.0 3.1572625367673236e-17
87263.0 2.9960188137553206e-17
87264.0 2.8509058985096835e-17
87265.0 2.8199783185098465e-17
87266.0 2.6983835542861334e-17
87267.0 2.915399309714065e-17
87268.0 2.6337133745848495e-17
87269.0 2.6981746911814637e-17
87270.0 3.016327338564416e-17
87271.0 2.864791820811642e-17
87272.0 2.773806709719331e-17
87273.0 3.133666258536544e-17
87274.0 3.2968113389045615e-17
87275.0 3.343574547269175e-17
87276.0 3.311918427944832e-17
87277.0 3.254715538505309e-17
87278.0 3.168247950251365e-17
87279.0 3.1963835475296515e-17
87280.0 3.1258523382390925e-17
87281.0 2.996756079835289e-17
87282.0 2.829207668912468e-17
87283.0 2.5689992302340084e-17
87284.0 2.399493048237397e-17
87285.0 2.1899495047958713e-17
87286.0 2.0072732839584356e-17
87287.0 2.4959717966499175e-17
87288.0 2.7072990310053218e-17
87289.0 2.7667028826187256e-17
87290.0 2.965369207800332e-17
87291.0 3.0372146002890846e-17
87292.0 2.937970545729769e-17
87293.0 3.0144587789196896e-17
87294.0 2.8745358016323634e-17
87295.0 2.6281545554323706e-17
87296.0 2.9402522820904656e-17
87297.0 3.133125985519455e-17
87298.0 3.1988103300107596e-17
87299.0 3.1746759707915143e-17
87300.0 3.011428609540755e-17
87301.0 2.7313368996061128e-17
87302.0 2.619047255529131e-17
87303.0 2.834252974340674e-17
87304.0 2.861764960155157e-17
87305.0 2.4850216624190017e-17
87306.0 2.406322789042033e-17
87307.0 2.827760268276623e-17
87308.0 2.865508159222113e-17
87309.0 2.8748885528045866e-17
87310.0 2.867219389114332e-17
87311.0 2.959291001941231e-17
87312.0 2.9111984729732143e-17
87313.0 2.732388659754974e-17
87314.0 2.4890490807444305e-17
87315.0 2.4882452266251515e-17
87316.0 2.049359406344521e-17
87317.0 1.809940994309724e-17
87318.0 2.2541452136977948e-17
87319.0 2.569065694196227e-17
87320.0 2.6381875945181488e-17
87321.0 2.4821287223036894e-17
87322.0 2.6966503213896204e-17
87323.0 2.576332848108781e-17
87324.0 2.2846200777483816e-17
87325.0 2.5369248883919584e-17
87326.0 2.558054059086768e-17
87327.0 2.1888058448809555e-17
87328.0 1.7021529084852866e-17
87329.0 2.1978917208063298e-17
87330.0 2.6143585890220274e-17
87331.0 2.778406578387677e-17
87332.0 2.890282218568076e-17
87333.0 2.9285246394427807e-17
87334.0 2.9443475705851544e-17
87335.0 2.9801725974787035e-17
87336.0 2.9672654366365486e-17
87337.0 2.841627537655768e-17
87338.0 2.814262624554197e-17
87339.0 2.6636856023362184e-17
87340.0 2.486691781434777e-17
87341.0 2.147655098331545e-17
87342.0 1.7854785339005096e-17
87343.0 2.034336482931578e-17
87344.0 2.5405684121951014e-17
87345.0 2.7168393599592328e-17
87346.0 2.7744153492140475e-17
87347.0 2.6264734349144485e-17
87348.0 2.284601383466538e-17
87349.0 2.4791966565454033e-17
87350.0 2.631386391444646e-17
87351.0 2.5106167398819544e-17
87352.0 2.4284640565753316e-17
87353.0 1.906120675571776e-17
87354.0 2.0468303016216402e-17
87355.0 2.5775923960275155e-17
87356.0 2.811844072520184e-17
87357.0 2.936216840113095e-17
87358.0 2.959479723197985e-17
87359.0 2.846243205473814e-17
87360.0 2.771367354092912e-17
87361.0 2.5879006794621207e-17
87362.0 2.591811630757302e-17
87363.0 2.7532772036095918e-17
87364.0 2.973716700951911e-17
87365.0 3.0038611477068134e-17
87366.0 2.8874267083754816e-17
87367.0 2.8408194235563344e-17
87368.0 2.932763485132778e-17
87369.0 2.9302825636805784e-17
87370.0 2.973345338215905e-17
87371.0 2.7198117094133502e-17
87372.0 2.303714011905035e-17
87373.0 2.470391360283807e-17
87374.0 2.6099750694428946e-17
87375.0 2.6659099737214347e-17
87376.0 2.7137386734330777e-17
87377.0 3.0347416197707655e-17
87378.0 3.170438035000191e-17
87379.0 3.146510636370206e-17
87380.0 3.108182602302102e-17
87381.0 3.017814567946756e-17
87382.0 2.8286961404216654e-17
87383.0 2.6027872421510844e-17
87384.0 2.905758767828943e-17
87385.0 2.921110702330529e-17
87386.0 2.608396312525776e-17
87387.0 2.8215140620351125e-17
87388.0 3.0514714717367424e-17
87389.0 3.0509715237745153e-17
87390.0 3.044571710093254e-17
87391.0 2.9771477634147196e-17
87392.0 2.7721548300360626e-17
87393.0 2.8502487862310714e-17
87394.0 3.049492276685087e-17
87395.0 2.955577043708929e-17
87396.0 2.5575665188337292e-17
87397.0 2.7804234515162345e-17
87398.0 3.0886622978987084e-17
87399.0 3.0810641063050107e-17
87400.0 2.987865666688661e-17
87401.0 2.7449876131008916e-17
87402.0 2.3506103136302082e-17
87403.0 2.5733163272099532e-17
87404.0 2.6768233397741225e-17
87405.0 2.6186337892999465e-17
87406.0 2.8730031600343945e-17
87407.0 3.073538003501697e-17
87408.0 3.0435130843453084e-17
87409.0 3.056131186922407e-17
87410.0 3.1078911038542386e-17
87411.0 2.909985329886844e-17
87412.0 3.0069057100284067e-17
87413.0 2.8004238101881236e-17
87414.0 2.7628194764379423e-17
87415.0 2.6706746994858627e-17
87416.0 2.809067061767721e-17
87417.0 3.008281600900297e-17
87418.0 3.0778650266449925e-17
87419.0 3.063137034479455e-17
87420.0 2.882303523892604e-17
87421.0 2.446599950146526e-17
87422.0 2.2181917256551162e-17
87423.0 2.4430999835386918e-17
87424.0 2.7125071669371088e-17
87425.0 2.5873993252928523e-17
87426.0 2.7298847426817453e-17
87427.0 2.4012204081515608e-17
87428.0 2.26690017330724e-17
87429.0 2.791373627106181e-17
87430.0 2.9572210651763784e-17
87431.0 2.8095744957144914e-17
87432.0 2.7053278182465773e-17
87433.0 2.4219563371831626e-17
87434.0 2.584240033020298e-17
87435.0 2.931894862771536e-17
87436.0 2.9686448016670114e-17
87437.0 2.836532394595656e-17
87438.0 2.4573896526976372e-17
87439.0 2.722548519188043e-17
87440.0 2.9952966023625006e-17
87441.0 2.823033096512005e-17
87442.0 2.3613470352630853e-17
87443.0 2.82970463902449e-17
87444.0 3.16982910599226e-17
87445.0 3.1834266317736515e-17
87446.0 2.9957413773778703e-17
87447.0 2.925896893431853e-17
87448.0 2.95864712455242e-17
87449.0 2.799489633763337e-17
87450.0 2.994256340024154e-17
87451.0 3.0830357326540615e-17
87452.0 2.738514180345113e-17
87453.0 2.6473748414275915e-17
87454.0 2.9201133293069433e-17
87455.0 2.9518594045229016e-17
87456.0 2.853822785503729e-17
87457.0 2.5669140733458847e-17
87458.0 2.1786491422936006e-17
87459.0 2.263355621664389e-17
87460.0 2.597006449081227e-17
87461.0 2.426258917139357e-17
87462.0 2.5471624065251597e-17
87463.0 2.339159611051606e-17
87464.0 1.8972285667048922e-17
87465.0 2.3062610250881776e-17
87466.0 2.6760944695773714e-17
87467.0 2.762283132528763e-17
87468.0 2.780535286335052e-17
87469.0 2.873841093994911e-17
87470.0 2.6332623957148856e-17
87471.0 2.7064054277895807e-17
87472.0 2.968239110935585e-17
87473.0 3.049294870031901e-17
87474.0 2.943702286989302e-17
87475.0 3.050435303942428e-17
87476.0 3.122037381253998e-17
87477.0 3.1125793154120054e-17
87478.0 2.9592508423224917e-17
87479.0 2.5897943440384383e-17
87480.0 2.382066089810191e-17
87481.0 2.714919266962344e-17
