trappist-1_model_const_res_v05.ecsv
# %ECSV 0.9
# ---
# datatype:
# - {name: WAVELENGTH, datatype: float64}
# - {name: FLUX, datatype: float64}
# schema: astropy-2.0
WAVELENGTH FLUX
[from data line 27769]
27774.0 1.395045680005089e-15
27775.0 1.080971717864852e-15
27776.0 1.0013551513738808e-15
27777.0 1.010046408959354e-15
27778.0 8.628559463082024e-16
27779.0 6.962343801775269e-16
27780.0 7.029512193485096e-16
27781.0 7.476280024262482e-16
27782.0 9.250048608081428e-16
27783.0 6.955793096288207e-16
27784.0 1.1646939507411952e-15
27785.0 8.746441999535276e-16
27786.0 5.391418302305509e-16
27787.0 8.595708275394875e-16
27788.0 7.323357428847213e-16
27789.0 9.447682253689363e-16
27790.0 1.0956430608142928e-15
27791.0 7.345009857453911e-16
27792.0 7.5761582227763405e-16
27793.0 9.206502106595686e-16
27794.0 1.0552297275002819e-15
27795.0 6.234179732717158e-16
27796.0 1.035437043191804e-15
27797.0 1.1800574532809299e-15
27798.0 9.92371350115122e-16
27799.0 6.889541201671934e-16
27800.0 9.44076205489448e-16
27801.0 5.95018798944424e-16
27802.0 1.0188411982073735e-15
27803.0 1.082641299047793e-15
27804.0 9.971519062966768e-16
27805.0 9.304500772913993e-16
27806.0 1.011586909931195e-15
27807.0 7.164061911392396e-16
27808.0 1.0061409785984532e-15
27809.0 9.684581263002683e-16
27810.0 1.1449332559885469e-15
27811.0 1.136043173962318e-15
27812.0 7.417204998449264e-16
27813.0 8.764503214413589e-16
27814.0 6.081272134086395e-16
27815.0 1.0826898161685695e-15
27816.0 1.0245816664705234e-15
27817.0 1.020176937153304e-15
27818.0 1.1454496208389551e-15
27819.0 1.1110055143235746e-15
27820.0 8.122331677166188e-16
27821.0 1.0126458129500818e-15
27822.0 6.470574094028011e-16
27823.0 8.960696337392473e-16
27824.0 5.991644405699768e-16
27825.0 1.0609404089895735e-15
27826.0 1.088529267428077e-15
27827.0 9.194154754295147e-16
27828.0 9.513731607342387e-16
27829.0 1.1130457381817979e-15
27830.0 7.652434842486055e-16
27831.0 8.31625071437786e-16
27832.0 1.1385461735268112e-15
27833.0 8.452028475375905e-16
27834.0 1.3125303928952489e-15
27835.0 1.2785770460198511e-15
27836.0 1.206531059089268e-15
27837.0 9.936267699890095e-16
27838.0 1.3634602137337408e-15
27839.0 8.562190551360396e-16
27840.0 1.080206273794599e-15
27841.0 1.2280045459474405e-15
27842.0 7.222343020007034e-16
27843.0 8.172997776778095e-16
27844.0 1.0549249879587627e-15
27845.0 1.377021467810708e-15
27846.0 1.258587409263062e-15
27847.0 9.14789875653854e-16
27848.0 8.80752226914482e-16
27849.0 9.843463824598754e-16
27850.0 9.871236923208478e-16
27851.0 6.094126307392871e-16
27852.0 7.188568927058126e-16
27853.0 5.665865527781895e-16
27854.0 7.093598070172466e-16
27855.0 5.90715683719655e-16
27856.0 9.917299541027122e-16
27857.0 7.015440033122583e-16
27858.0 8.855500697646322e-16
27859.0 9.57944830204027e-16
27860.0 1.2917862540960675e-15
27861.0 8.356098620029636e-16
27862.0 9.247413616795514e-16
27863.0 6.351756896422133e-16
27864.0 7.041443530185803e-16
27865.0 3.1394224024513283e-16
27866.0 6.106490141267115e-16
27867.0 5.647742923694421e-16
27868.0 5.795349208633296e-16
27869.0 9.829692540430707e-16
27870.0 8.221301357570682e-16
27871.0 1.08761788222799e-15
27872.0 7.971293195699885e-16
27873.0 8.849098852409475e-16
27874.0 1.0025064084464146e-15
27875.0 1.2132737143190145e-15
27876.0 1.215156226101851e-15
27877.0 6.342215038011269e-16
27878.0 7.822233417112773e-16
27879.0 6.171475929249577e-16
27880.0 9.923144358703573e-16
27881.0 6.309003657835106e-16
27882.0 4.261501746767439e-16
27883.0 8.511789020504331e-16
27884.0 9.943916828438734e-16
27885.0 8.8665604027027185e-16
27886.0 9.769097919312143e-16
27887.0 1.1296903079920567e-15
27888.0 8.69443420138928e-16
27889.0 7.435815528255941e-16
27890.0 6.652560174092156e-16
27891.0 7.036965012222041e-16
27892.0 8.617725067135236e-16
27893.0 1.115168979127068e-15
27894.0 7.565664461460163e-16
27895.0 6.805860917605995e-16
27896.0 1.0648312849421605e-15
27897.0 1.0210451709878122e-15
27898.0 1.1961009602400108e-15
27899.0 1.1786730957191618e-15
27900.0 9.285185569597843e-16
27901.0 1.334756169087675e-15
27902.0 1.0487559670155444e-15
27903.0 8.031364979114313e-16
27904.0 9.500964027438338e-16
27905.0 1.1595924413682165e-15
27906.0 9.800357656995672e-16
27907.0 1.1163699855713367e-15
27908.0 1.2013620941299524e-15
27909.0 1.368977619923416e-15
27910.0 7.830017449720331e-16
27911.0 1.030711236523351e-15
27912.0 1.1976148296357222e-15
27913.0 8.614928561390096e-16
27914.0 8.598136136519502e-16
27915.0 7.955447884358858e-16
27916.0 8.868446211544758e-16
27917.0 8.030007412774532e-16
27918.0 1.055386731426346e-15
27919.0 1.0611979228874066e-15
27920.0 9.972692698252723e-16
27921.0 8.87864080148571e-16
27922.0 7.766435717282437e-16
27923.0 7.814259065135516e-16
27924.0 6.128511421289479e-16
27925.0 5.758915689483179e-16
27926.0 8.783303849350185e-16
27927.0 8.536482897924797e-16
27928.0 9.192516367582031e-16
27929.0 1.303661032570545e-15
27930.0 1.3369972346320139e-15
27931.0 9.649211088665908e-16
27932.0 7.331537654498404e-16
27933.0 7.682457084058801e-16
27934.0 1.0473764490393862e-15
27935.0 1.1436855390686776e-15
27936.0 1.2574906745598339e-15
27937.0 9.096545210280598e-16
27938.0 1.2553012734757841e-15
27939.0 1.2341349190272068e-15
27940.0 1.0298293097064186e-15
27941.0 1.1039989368623535e-15
27942.0 9.009802414900954e-16
27943.0 1.233960144862761e-15
27944.0 7.760848931153447e-16
27945.0 7.379666126945579e-16
27946.0 9.652434661143864e-16
27947.0 1.0728698662532105e-15
27948.0 1.2806452336285806e-15
27949.0 1.3184097846533517e-15
27950.0 8.042809073347002e-16
27951.0 1.0502928531253904e-15
27952.0 1.3005373806981716e-15
27953.0 1.2776672026017077e-15
27954.0 9.187020596135841e-16
27955.0 8.168560552497692e-16
27956.0 1.1567747811406554e-15
27957.0 7.069633185371481e-16
27958.0 8.99542452775686e-16
27959.0 9.31762684710526e-16
27960.0 1.0665561741505526e-15
27961.0 1.0854519677793808e-15
27962.0 9.380896130264736e-16
27963.0 8.570666638837183e-16
27964.0 1.0723594884533578e-15
27965.0 1.2611422344226278e-15
27966.0 7.96094211890347e-16
27967.0 1.0184988658712739e-15
27968.0 9.061836993019281e-16
27969.0 1.0690812170857535e-15
27970.0 1.2178817906042707e-15
27971.0 9.27352403026163e-16
27972.0 1.015296030066812e-15
27973.0 9.419872606931453e-16
27974.0 6.286643539818422e-16
27975.0 7.26913072697985e-16
27976.0 1.2327773698927833e-15
27977.0 1.2507146065272962e-15
27978.0 9.723349903923051e-16
27979.0 5.832652834106673e-16
27980.0 1.070935055810709e-15
27981.0 5.95387742259856e-16
27982.0 8.427454243013599e-16
27983.0 1.2210901648792418e-15
27984.0 1.3254287960453864e-15
27985.0 1.1640475310127713e-15
27986.0 6.510589320946914e-16
27987.0 1.0195541213545314e-15
27988.0 9.90716700038546e-16
27989.0 7.287945635745096e-16
27990.0 7.861156298266059e-16
27991.0 9.475452675542626e-16
27992.0 1.2876066681214617e-15
27993.0 1.1152875875624853e-15
27994.0 1.17315075465267e-15
27995.0 7.408999151705778e-16
27996.0 1.3348234283013344e-15
27997.0 1.2681740628128178e-15
27998.0 1.0797910605599606e-15
27999.0 1.1405649865593412e-15
28000.0 9.636758737367133e-16
28001.0 1.168310114304807e-15
28002.0 1.015546317962968e-15
28003.0 9.178919268625835e-16
28004.0 8.53433212162586e-16
28005.0 1.2177212557750436e-15
28006.0 9.865528250361867e-16
28007.0 6.232071212112632e-16
28008.0 1.0584062998239866e-15
28009.0 6.500754873036958e-16
28010.0 4.825819287125268e-16
28011.0 7.317582722172302e-16
28012.0 9.0117291485038e-16
28013.0 9.551490857959231e-16
28014.0 8.995881729506571e-16
28015.0 6.907708683616361e-16
28016.0 1.1387503849813061e-15
28017.0 9.830953839490799e-16
28018.0 1.0875277772784284e-15
28019.0 1.1331257352388037e-15
28020.0 9.19417683919032e-16
28021.0 1.1711670787636362e-15
28022.0 7.181454560849336e-16
28023.0 8.367548783286479e-16
28024.0 7.892190233013156e-16
28025.0 5.036582245336568e-16
28026.0 8.383273250984638e-16
28027.0 5.315748769472501e-16
28028.0 5.784045616817914e-16
28029.0 8.945421712018116e-16
28030.0 1.101560490390146e-15
28031.0 9.013683008667655e-16
28032.0 1.1340912149903834e-15
28033.0 1.0582077972392072e-15
28034.0 6.400048896686144e-16
28035.0 8.103001674761699e-16
28036.0 5.946854361412964e-16
28037.0 4.727915813579034e-16
28038.0 5.933138616632788e-16
28039.0 6.453964973208339e-16
28040.0 7.361352920592638e-16
28041.0 7.563315147752143e-16
28042.0 5.024945410576529e-16
28043.0 1.0116070499593133e-15
28044.0 9.324354465845832e-16
28045.0 4.537140266181494e-16
28046.0 8.607622463814303e-16
28047.0 9.68261730213637e-16
28048.0 8.129147721514242e-16
28049.0 8.270766247003734e-16
28050.0 9.575591808180715e-16
28051.0 4.939229302674199e-16
28052.0 6.258578950205459e-16
28053.0 5.281342569087717e-16
28054.0 6.339180954413676e-16
28055.0 7.725087329160546e-16
28056.0 8.789446835858958e-16
28057.0 7.108405438589584e-16
28058.0 6.436516725633708e-16
28059.0 7.062885106318459e-16
28060.0 9.048556001134172e-16
28061.0 8.728394294170728e-16
28062.0 1.1253126717350306e-15
28063.0 1.04870921915138e-15
28064.0 7.734454816243922e-16
28065.0 9.43839540182646e-16
28066.0 1.0791785343089817e-15
28067.0 8.763242393463891e-16
28068.0 1.1649998420489994e-15
28069.0 1.2399008517973598e-15
28070.0 9.637238328414485e-16
28071.0 6.428525902008914e-16
28072.0 6.238133235010229e-16
28073.0 1.0736285746744536e-15
28074.0 1.3346550821574288e-15
28075.0 1.3934707258026823e-15
28076.0 1.2988066406758705e-15
28077.0 1.1028034059401497e-15
28078.0 1.2901091794839575e-15
28079.0 1.059504850933122e-15
28080.0 7.120661874641816e-16
28081.0 1.0181675926918097e-15
28082.0 7.440325698285842e-16
28083.0 8.961237978566294e-16
28084.0 1.0694666191447058e-15
28085.0 1.2011483323789772e-15
28086.0 8.280417201438407e-16
28087.0 1.0639581321127036e-15
28088.0 9.627828760171806e-16
28089.0 4.623700793967524e-16
28090.0 9.770413279588348e-16
28091.0 7.993637863637088e-16
28092.0 5.974716316591271e-16
28093.0 8.819180747912767e-16
28094.0 7.249458744949074e-16
28095.0 8.983577580849426e-16
28096.0 8.918225126862476e-16
28097.0 7.006083971057828e-16
28098.0 1.147236419304959e-15
28099.0 9.482729495887818e-16
28100.0 1.1109107233958429e-15
28101.0 1.3858013581296886e-15
28102.0 1.024112921415363e-15
28103.0 7.23051772753636e-16
28104.0 9.468856887885e-16
28105.0 8.27465073679112e-16
28106.0 9.180687446594505e-16
28107.0 8.88295331339952e-16
28108.0 1.0339983720411174e-15
28109.0 8.77463152650796e-16
28110.0 8.7511184585109e-16
28111.0 1.0371051622502943e-15
28112.0 8.734481071275336e-16
28113.0 1.164028445639934e-15
28114.0 1.0802773152916093e-15
28115.0 1.2947896615352083e-15
28116.0 1.0620120800375232e-15
28117.0 9.954010087100286e-16
28118.0 1.326481310086658e-15
28119.0 1.4273622851814545e-15
28120.0 1.3599232453518734e-15
28121.0 7.741559439092277e-16
28122.0 1.2270951438301538e-15
28123.0 1.1219594679782508e-15
28124.0 1.4608225713658415e-15
28125.0 1.287111945128292e-15
28126.0 1.0652243619137081e-15
28127.0 7.558482965408761e-16
28128.0 8.650240406258797e-16
28129.0 9.926257395863453e-16
28130.0 5.748199829345351e-16
28131.0 8.701561254894306e-16
28132.0 9.712295721951604e-16
28133.0 9.682181162059415e-16
28134.0 9.151016349809233e-16
28135.0 8.115452586766208e-16
28136.0 9.499450936254147e-16
28137.0 6.928160618382616e-16
28138.0 4.846050466411187e-16
28139.0 4.723750658928268e-16
28140.0 6.417969902796268e-16
28141.0 8.377844898067093e-16
28142.0 7.50203743922937e-16
28143.0 9.965694997597526e-16
28144.0 1.116708973698938e-15
28145.0 7.4482355806333365e-16
28146.0 7.864670049838802e-16
28147.0 7.043814982555738e-16
28148.0 9.734077347898177e-16
28149.0 1.0550737479546881e-15
28150.0 9.066829270379958e-16
28151.0 6.071580512971267e-16
28152.0 7.268892333527312e-16
28153.0 8.433459072989284e-16
28154.0 9.3736838523412e-16
28155.0 1.1579155307860219e-15
28156.0 1.1454457223367282e-15
28157.0 1.4332430406295152e-15
28158.0 1.2145315912501936e-15
28159.0 7.467684100648812e-16
28160.0 1.3061675464118706e-15
28161.0 1.0428122367358068e-15
28162.0 1.1691562701097398e-15
28163.0 7.302143976719791e-16
28164.0 1.1003240127868497e-15
28165.0 8.288380523789375e-16
28166.0 8.217900011571379e-16
28167.0 1.0225763315188943e-15
28168.0 6.664959242551773e-16
28169.0 1.0584838308837748e-15
28170.0 9.8003982053893e-16
28171.0 7.015614531835884e-16
28172.0 6.554155711990485e-16
28173.0 5.597177820353766e-16
28174.0 8.660484401216195e-16
28175.0 8.424257941853259e-16
28176.0 7.752235975890966e-16
28177.0 9.502285469146407e-16
28178.0 1.0253736998479767e-15
28179.0 6.828979173951045e-16
28180.0 6.691579052864252e-16
28181.0 6.982709486419053e-16
28182.0 8.621994995791111e-16
28183.0 7.328784640255512e-16
28184.0 1.0495647957990273e-15
28185.0 1.2223474811474016e-15
28186.0 1.260687568064211e-15
28187.0 9.524115596828197e-16
28188.0 9.385657470378918e-16
28189.0 7.752330773270706e-16
28190.0 8.413313553218877e-16
28191.0 5.249706448509044e-16
28192.0 6.944508048207797e-16
28193.0 5.966921691108788e-16
28194.0 5.111967923697753e-16
28195.0 7.808972628286945e-16
28196.0 5.477583245025655e-16
28197.0 8.904570179030143e-16
28198.0 1.0522292374444434e-15
28199.0 1.0637612745420084e-15
28200.0 6.798098094736523e-16
28201.0 1.0230478375375032e-15
28202.0 5.925808131290995e-16
28203.0 7.658227370767263e-16
28204.0 5.563631427893616e-16
28205.0 5.672742599861181e-16
28206.0 7.719326713507371e-16
28207.0 3.7960556740056135e-16
28208.0 5.531735605689826e-16
28209.0 6.139582494289034e-16
28210.0 8.933012622265377e-16
28211.0 1.0503856043911677e-15
28212.0 8.149021490119547e-16
28213.0 7.900977880549202e-16
28214.0 7.290100676160091e-16
28215.0 1.1193707123662665e-15
28216.0 1.119209454663902e-15
28217.0 9.092628698677338e-16
28218.0 7.399563667894509e-16
28219.0 6.654335595681451e-16
28220.0 5.699238768178779e-16
28221.0 9.281983689104272e-16
28222.0 1.0077223546175453e-15
28223.0 7.644917687295428e-16
28224.0 1.1201986168445735e-15
28225.0 7.857006029557596e-16
28226.0 8.293355544508113e-16
28227.0 6.748047843498372e-16
28228.0 9.791804475458614e-16
28229.0 9.82374587945006e-16
28230.0 1.0884529258540098e-15
28231.0 7.443769568813256e-16
28232.0 7.301357787869672e-16
28233.0 8.855633357564241e-16
28234.0 1.1669430228975554e-15
28235.0 1.0422676086127927e-15
28236.0 1.0900922204805665e-15
28237.0 1.2764700964794633e-15
28238.0 1.0007528009333615e-15
28239.0 1.2653170657630724e-15
28240.0 1.1697547533154594e-15
28241.0 8.038077152738487e-16
28242.0 7.074018313816905e-16
28243.0 6.518404321542246e-16
28244.0 7.97715996509543e-16
28245.0 8.627635087093134e-16
28246.0 9.658670263757101e-16
28247.0 9.440361457114085e-16
28248.0 1.1276262071518617e-15
28249.0 1.271968991852767e-15
28250.0 8.633983092798271e-16
28251.0 7.600128437102012e-16
28252.0 9.85736380400804e-16
28253.0 7.670510501592224e-16
28254.0 5.686718495425546e-16
28255.0 7.8109209206980965e-16
28256.0 7.929795137517959e-16
28257.0 9.436891502273236e-16
28258.0 7.567858313189499e-16
28259.0 6.803631950405296e-16
28260.0 1.0791412522861574e-15
28261.0 1.1278992700599773e-15
28262.0 7.497570797097663e-16
28263.0 1.1681939464657872e-15
28264.0 1.2987421947861923e-15
28265.0 1.2170170638501235e-15
28266.0 6.690697485126424e-16
28267.0 1.0341485547876963e-15
28268.0 1.1639248631057798e-15
28269.0 6.451335066601651e-16
28270.0 8.48093270790453e-16
28271.0 7.179438754783769e-16
28272.0 5.627503590062024e-16
28273.0 8.415028084388921e-16
28274.0 7.46428098696454e-16
28275.0 7.591894614283029e-16
28276.0 5.983093961303358e-16
28277.0 7.274500690872315e-16
28278.0 4.744450795854764e-16
28279.0 6.31953502195475e-16
28280.0 1.0566391771723412e-15
28281.0 1.1359315615723674e-15
28282.0 1.1622340434815852e-15
28283.0 1.1330648908935126e-15
28284.0 1.3112717763818841e-15
28285.0 9.618448715659551e-16
28286.0 1.0764025769710288e-15
28287.0 6.602549520817109e-16
28288.0 1.2239872047498241e-15
28289.0 1.3444672893313822e-15
28290.0 1.3320020063872196e-15
28291.0 9.213879607229135e-16
28292.0 8.448223810999172e-16
28293.0 8.370985739411153e-16
28294.0 9.395647441478923e-16
28295.0 1.0360123462325e-15
28296.0 1.3011934512255202e-15
28297.0 1.3345520867560736e-15
28298.0 1.1101619247637741e-15
28299.0 1.2165636371045727e-15
28300.0 9.972490436049342e-16
28301.0 5.336938077852205e-16
28302.0 9.025152359205985e-16
