trappist-1_model_const_res_v05.ecsv
# %ECSV 0.9
# ---
# datatype:
# - {name: WAVELENGTH, datatype: float64}
# - {name: FLUX, datatype: float64}
# schema: astropy-2.0
WAVELENGTH FLUX
[from data line 92189]
92194.0 2.6294322599655506e-17
92195.0 2.7397145021319886e-17
92196.0 2.735937099146704e-17
92197.0 2.7137474829066014e-17
92198.0 2.7132728466711185e-17
92199.0 2.800444117472162e-17
92200.0 2.8538069863540295e-17
92201.0 2.853856699908844e-17
92202.0 2.837479309601876e-17
92203.0 2.813409759983624e-17
92204.0 2.772208886289093e-17
92205.0 2.7236615734202945e-17
92206.0 2.611880521342941e-17
92207.0 2.3128298317685837e-17
92208.0 2.2054655105719572e-17
92209.0 2.175232514132481e-17
92210.0 2.0319420432124207e-17
92211.0 2.3089938230368997e-17
92212.0 2.3719492986873918e-17
92213.0 2.4440561216087418e-17
92214.0 2.4706144508950125e-17
92215.0 2.4792315222082224e-17
92216.0 2.4179116307829314e-17
92217.0 2.5806307958535453e-17
92218.0 2.6479095723345764e-17
92219.0 2.6449083956361115e-17
92220.0 2.5796833018208964e-17
92221.0 2.4447110004997e-17
92222.0 2.265481723992834e-17
92223.0 2.2395903917934955e-17
92224.0 1.9235328274660173e-17
92225.0 1.6686232664325415e-17
92226.0 2.0834548399362524e-17
92227.0 2.3487727318994217e-17
92228.0 2.401471746980685e-17
92229.0 2.4686053946232437e-17
92230.0 2.4805966597321493e-17
92231.0 2.3493541157929546e-17
92232.0 2.315309471090834e-17
92233.0 2.5782117888701952e-17
92234.0 2.635792658490624e-17
92235.0 2.6530692354824678e-17
92236.0 2.665845949942023e-17
92237.0 2.636380370315843e-17
92238.0 2.569481228376943e-17
92239.0 2.4382261112924375e-17
92240.0 2.318340178137167e-17
92241.0 2.2365925651765114e-17
92242.0 2.1597343340985956e-17
92243.0 2.3893948273193495e-17
92244.0 2.4060568918341277e-17
92245.0 2.4007431249381177e-17
92246.0 2.336932964919705e-17
92247.0 2.1975012088391435e-17
92248.0 1.9095032238916585e-17
92249.0 1.5224669869212607e-17
92250.0 1.722361509876386e-17
92251.0 2.1016049610139828e-17
92252.0 2.2625338177258176e-17
92253.0 2.3337701157705168e-17
92254.0 2.3188364865046988e-17
92255.0 2.185747634079255e-17
92256.0 1.882394281830642e-17
92257.0 1.7612483458073e-17
92258.0 2.1405306330746564e-17
92259.0 2.299294303174103e-17
92260.0 2.315109417459688e-17
92261.0 2.4256544135477034e-17
92262.0 2.440640734218541e-17
92263.0 2.4160341789466198e-17
92264.0 2.082357998444007e-17
92265.0 2.003410888165211e-17
92266.0 2.291470208555117e-17
92267.0 2.473945010913396e-17
92268.0 2.55964621632981e-17
92269.0 2.4996910901971703e-17
92270.0 2.5272405059343714e-17
92271.0 2.5588777241817176e-17
92272.0 2.376713445425391e-17
92273.0 2.3803590371800653e-17
92274.0 2.5215015268444785e-17
92275.0 2.6222717296339547e-17
92276.0 2.5984010342349607e-17
92277.0 2.3774605135956182e-17
92278.0 2.2636323549383186e-17
92279.0 2.3542583455676896e-17
92280.0 2.512755539432802e-17
92281.0 2.5132079245098074e-17
92282.0 2.542840056952325e-17
92283.0 2.3872454812156918e-17
92284.0 2.1052922426715298e-17
92285.0 2.2492734507621025e-17
92286.0 2.3348633590270975e-17
92287.0 2.345106501988464e-17
92288.0 2.5599353159538973e-17
92289.0 2.6355592694807922e-17
92290.0 2.6406519723580974e-17
92291.0 2.6367250564770938e-17
92292.0 2.6282553060309796e-17
92293.0 2.6511356180825638e-17
92294.0 2.718023055415796e-17
92295.0 2.7224218364772306e-17
92296.0 2.7209891182972582e-17
92297.0 2.7091979895375598e-17
92298.0 2.657805175361579e-17
92299.0 2.6757704629314343e-17
92300.0 2.446528771254816e-17
92301.0 2.397109113712019e-17
92302.0 2.7067927551114087e-17
92303.0 2.780272118823168e-17
92304.0 2.8175220883989316e-17
92305.0 2.801670826320578e-17
92306.0 2.7822404364497685e-17
92307.0 2.752405107089777e-17
92308.0 2.6258410966951823e-17
92309.0 2.4873254845020538e-17
92310.0 2.544033016831749e-17
92311.0 2.4952402381161756e-17
92312.0 2.2482381928664617e-17
92313.0 1.9798406247646963e-17
92314.0 2.1295394293263274e-17
92315.0 2.3937266067511672e-17
92316.0 2.4457899335316836e-17
92317.0 2.4996398877172532e-17
92318.0 2.5718238865897544e-17
92319.0 2.4961964175452562e-17
92320.0 2.2703789227323624e-17
92321.0 2.384458875168123e-17
92322.0 2.5579839968888847e-17
92323.0 2.5694856124341895e-17
92324.0 2.6692750271713617e-17
92325.0 2.7024874868182233e-17
92326.0 2.6048132969844412e-17
92327.0 2.3596577256570988e-17
92328.0 2.1977235136287672e-17
92329.0 2.3488827469208912e-17
92330.0 2.376583371274067e-17
92331.0 2.594334490266558e-17
92332.0 2.751458522955802e-17
92333.0 2.802770232072722e-17
92334.0 2.835175446159793e-17
92335.0 2.855186268666431e-17
92336.0 2.832859340444645e-17
92337.0 2.776808093212949e-17
92338.0 2.6790720716283785e-17
92339.0 2.466330978810968e-17
92340.0 2.5840125169928152e-17
92341.0 2.7007693499678894e-17
92342.0 2.7344980116760148e-17
92343.0 2.7152898852357984e-17
92344.0 2.6342978190466488e-17
92345.0 2.4942997337597028e-17
92346.0 2.4880622956326854e-17
92347.0 2.4681844424095155e-17
92348.0 2.2028699832458883e-17
92349.0 2.0290224265223536e-17
92350.0 2.3451715183846108e-17
92351.0 2.4783855645957644e-17
92352.0 2.466396491515482e-17
92353.0 2.324258531342892e-17
92354.0 2.024770924968984e-17
92355.0 2.0849333839221603e-17
92356.0 2.004448793038812e-17
92357.0 2.1985099142371213e-17
92358.0 2.0703441513043788e-17
92359.0 1.9198005058241167e-17
92360.0 2.257155365305906e-17
92361.0 2.372168666985841e-17
92362.0 2.1922893092355694e-17
92363.0 2.154875806052704e-17
92364.0 2.2871266004405397e-17
92365.0 2.015548729678661e-17
92366.0 1.7795797435162714e-17
92367.0 2.0935812677131878e-17
92368.0 2.3621785585738542e-17
92369.0 2.4464321979183004e-17
92370.0 2.3396191098818792e-17
92371.0 2.3812918487568413e-17
92372.0 2.5767996261284447e-17
92373.0 2.638997983364267e-17
92374.0 2.6205418468189226e-17
92375.0 2.6988946278275993e-17
92376.0 2.7057493081277037e-17
92377.0 2.651340882951569e-17
92378.0 2.5632636012255963e-17
92379.0 2.5248704680432844e-17
92380.0 2.532793245309348e-17
92381.0 2.449776406416791e-17
92382.0 2.482323936928252e-17
92383.0 2.2690058856335856e-17
92384.0 2.126345933135444e-17
92385.0 2.378761668699164e-17
92386.0 2.4259906211076756e-17
92387.0 2.441581776242412e-17
92388.0 2.2461448882493044e-17
92389.0 2.278894829856657e-17
92390.0 2.521980878009453e-17
92391.0 2.680135246869693e-17
92392.0 2.740771887109015e-17
92393.0 2.6909506333788237e-17
92394.0 2.671319569491409e-17
92395.0 2.7374781366278902e-17
92396.0 2.7371236897354112e-17
92397.0 2.731414406429509e-17
92398.0 2.82851126555476e-17
92399.0 2.835856381240047e-17
92400.0 2.8786581389330826e-17
92401.0 2.893613150817735e-17
92402.0 2.82350128073871e-17
92403.0 2.7663357798628745e-17
92404.0 2.6731530566781634e-17
92405.0 2.573750431595421e-17
92406.0 2.6781648199325303e-17
92407.0 2.6401608752284247e-17
92408.0 2.6766740750325873e-17
92409.0 2.6254091016202765e-17
92410.0 2.64927185608539e-17
92411.0 2.725454073807697e-17
92412.0 2.7698690404903642e-17
92413.0 2.644028730413692e-17
92414.0 2.5181377141654703e-17
92415.0 2.549489431024394e-17
92416.0 2.493633481135322e-17
92417.0 2.453325300757858e-17
92418.0 2.1848453454670822e-17
92419.0 2.2918428120620415e-17
92420.0 2.5010036603931694e-17
92421.0 2.4939747758560613e-17
92422.0 2.448188343717781e-17
92423.0 2.1720771096088056e-17
92424.0 2.277169827407239e-17
92425.0 2.395619361428811e-17
92426.0 2.314144387198053e-17
92427.0 2.018771508063229e-17
92428.0 1.9646524306653652e-17
92429.0 2.267464310485001e-17
92430.0 2.18878636477753e-17
92431.0 2.0448920933693366e-17
92432.0 2.2701937169932117e-17
92433.0 2.3957125846838458e-17
92434.0 2.5698228539699274e-17
92435.0 2.6320471019589226e-17
92436.0 2.5969829157927998e-17
92437.0 2.567274145066529e-17
92438.0 2.600968313343111e-17
92439.0 2.5627600963867353e-17
92440.0 2.5820914313791914e-17
92441.0 2.6528219084793144e-17
92442.0 2.636290621219381e-17
92443.0 2.575625856839232e-17
92444.0 2.6177726942822788e-17
92445.0 2.6219674098865965e-17
92446.0 2.5922209197243933e-17
92447.0 2.53771703790557e-17
92448.0 2.4609970287080116e-17
92449.0 2.361066372881246e-17
92450.0 2.234010190022182e-17
92451.0 1.9541441349586446e-17
92452.0 1.623732794974748e-17
92453.0 1.9011517189141087e-17
92454.0 2.0137516797978896e-17
92455.0 1.6823406920437228e-17
92456.0 1.8229419574333425e-17
92457.0 2.0433451415467705e-17
92458.0 1.7692027627317937e-17
92459.0 1.9244458694261533e-17
92460.0 2.246203700790857e-17
92461.0 2.298078223596558e-17
92462.0 2.2327576317796237e-17
92463.0 1.9828726139409788e-17
92464.0 1.6613343576698774e-17
92465.0 1.6043106769100643e-17
92466.0 2.0206201740142237e-17
92467.0 2.2514466610264324e-17
92468.0 2.3771786931609214e-17
92469.0 2.4152664312610787e-17
92470.0 2.38416410935684e-17
92471.0 2.2601097235817003e-17
92472.0 2.2936080568482602e-17
92473.0 2.4998336961347744e-17
92474.0 2.5897337944175995e-17
92475.0 2.6564179934743275e-17
92476.0 2.680277646012144e-17
92477.0 2.7319449600744005e-17
92478.0 2.7218887599314708e-17
92479.0 2.6858820428163744e-17
92480.0 2.6050314245119714e-17
92481.0 2.4237442467181653e-17
92482.0 2.357330990671079e-17
92483.0 2.518800864862554e-17
92484.0 2.6513147440442122e-17
92485.0 2.6121044391347592e-17
92486.0 2.632663641028489e-17
92487.0 2.6208318563416837e-17
92488.0 2.5833180575095463e-17
92489.0 2.5012265028501912e-17
92490.0 2.208072701144663e-17
92491.0 1.9883387888648517e-17
92492.0 2.338710079747714e-17
92493.0 2.5161045869378762e-17
92494.0 2.503089396307722e-17
92495.0 2.3704272450012636e-17
92496.0 1.992986509931634e-17
92497.0 1.8325653766797844e-17
92498.0 2.2483788549296264e-17
92499.0 2.4056051685016125e-17
92500.0 2.4215829892136868e-17
92501.0 2.2510848522265017e-17
92502.0 2.4254931960463168e-17
92503.0 2.512361015639645e-17
92504.0 2.5438159232799846e-17
92505.0 2.6103883702359567e-17
92506.0 2.5921509402445713e-17
92507.0 2.4476359525047182e-17
92508.0 2.4805562106001955e-17
92509.0 2.6250757478334176e-17
92510.0 2.634266013952096e-17
92511.0 2.5651834047092706e-17
92512.0 2.4409864543555575e-17
92513.0 2.2863961172415942e-17
92514.0 2.408779887692591e-17
92515.0 2.4151376805987348e-17
92516.0 2.220882337392598e-17
92517.0 2.063781631196628e-17
92518.0 2.050658658932658e-17
92519.0 2.0242794969670664e-17
92520.0 1.7169249066594117e-17
92521.0 1.656405726067072e-17
92522.0 2.0802413673335758e-17
92523.0 2.1188206575127427e-17
92524.0 2.0694790444607402e-17
92525.0 2.1033319073378404e-17
92526.0 2.1148642940019322e-17
92527.0 2.3496043379282518e-17
92528.0 2.4730236144290732e-17
92529.0 2.53308859014706e-17
92530.0 2.471382157221523e-17
92531.0 2.3235579093640596e-17
92532.0 2.4362131672717897e-17
92533.0 2.499283786463549e-17
92534.0 2.3529115300943307e-17
92535.0 2.1698237041840886e-17
92536.0 2.3296427740270916e-17
92537.0 2.4400909899834383e-17
92538.0 2.4313237026709887e-17
92539.0 2.2729475666885233e-17
92540.0 2.2315874607260756e-17
92541.0 2.091107914963593e-17
92542.0 1.9442007208922366e-17
92543.0 2.0324837637955817e-17
92544.0 1.997661817471845e-17
92545.0 1.6820231374065637e-17
92546.0 1.7051784870118218e-17
92547.0 2.116843819925833e-17
92548.0 2.2956658340581084e-17
92549.0 2.3992198304810706e-17
92550.0 2.4404130941139664e-17
92551.0 2.4042289467574774e-17
92552.0 2.3168261894620112e-17
92553.0 2.2440259823921886e-17
92554.0 2.466856817526368e-17
92555.0 2.5439559235986592e-17
92556.0 2.496465706193673e-17
92557.0 2.4216160350791583e-17
92558.0 2.326496261695001e-17
92559.0 2.0320369208286806e-17
92560.0 2.234146509387131e-17
92561.0 2.2389846060718923e-17
92562.0 2.18882921273326e-17
92563.0 2.40709686465926e-17
92564.0 2.545622072147494e-17
92565.0 2.5881313801349617e-17
92566.0 2.5356145515836132e-17
92567.0 2.3032141880198998e-17
92568.0 1.9185618855748798e-17
92569.0 2.147123717506041e-17
92570.0 2.416658948463281e-17
92571.0 2.4315195790400413e-17
92572.0 2.2694368467327257e-17
92573.0 2.3300338650207066e-17
92574.0 2.4554199288639953e-17
92575.0 2.4331901530051534e-17
92576.0 2.4624584500552397e-17
92577.0 2.530178610111129e-17
92578.0 2.4843341098938477e-17
92579.0 2.3260781632543862e-17
92580.0 1.969105392056922e-17
92581.0 1.8278227779967422e-17
92582.0 2.139365590540906e-17
92583.0 2.3904756215077113e-17
92584.0 2.4917286909797654e-17
92585.0 2.492657325294448e-17
92586.0 2.405183471825333e-17
92587.0 2.4217359762679785e-17
92588.0 2.3742274781714547e-17
92589.0 2.2737826882349568e-17
92590.0 2.3518158052959124e-17
92591.0 2.3191531726022147e-17
92592.0 2.169905760500854e-17
92593.0 1.7922097574941905e-17
92594.0 1.610175428812096e-17
92595.0 2.0477715090816336e-17
92596.0 2.303839743358143e-17
92597.0 2.4256361742151966e-17
92598.0 2.4652284711315266e-17
92599.0 2.4067021340709497e-17
92600.0 2.1564982381061656e-17
92601.0 1.9119755840245182e-17
92602.0 2.2222342813857547e-17
92603.0 2.3836160194829622e-17
92604.0 2.2917552549942027e-17
92605.0 2.3389473151473943e-17
92606.0 2.5034301947200937e-17
92607.0 2.5173676917332447e-17
92608.0 2.635533089214405e-17
92609.0 2.7139146561083984e-17
92610.0 2.7446639373271996e-17
92611.0 2.7426745679540096e-17
92612.0 2.684683251313632e-17
92613.0 2.474326010303538e-17
92614.0 2.5222607132106796e-17
92615.0 2.4999368869161904e-17
92616.0 2.274543777116567e-17
92617.0 2.3862918246874794e-17
92618.0 2.3209709019983e-17
92619.0 2.0238417529869033e-17
92620.0 2.005716157814335e-17
92621.0 2.017535121201646e-17
92622.0 2.2114342804360174e-17
92623.0 2.3557553356812574e-17
92624.0 2.55294865898706e-17
92625.0 2.590344543222878e-17
92626.0 2.5906631731948334e-17
92627.0 2.648702797182984e-17
92628.0 2.6233698532561495e-17
92629.0 2.4851115769515862e-17
92630.0 2.4219563785421932e-17
92631.0 2.6135317392817194e-17
92632.0 2.7289825781466643e-17
92633.0 2.7804282491637873e-17
92634.0 2.7793720222396184e-17
92635.0 2.7497046932620365e-17
92636.0 2.6390945980598132e-17
92637.0 2.5108180342840192e-17
92638.0 2.438422773483072e-17
92639.0 2.4614566929744073e-17
92640.0 2.5477447830354277e-17
92641.0 2.332277344278073e-17
92642.0 1.9547769694862783e-17
92643.0 2.225577207754296e-17
92644.0 2.3996692377078707e-17
92645.0 2.4198923147596896e-17
92646.0 2.3463837102132766e-17
92647.0 2.2132843112350228e-17
92648.0 2.043877266834826e-17
92649.0 2.2146218209264905e-17
92650.0 2.3292736860377704e-17
92651.0 2.217746123459134e-17
92652.0 2.2651522579548542e-17
92653.0 2.217666259170992e-17
92654.0 2.019375639423607e-17
92655.0 1.9496500213316134e-17
92656.0 1.9993505894104333e-17
92657.0 2.276827498710734e-17
92658.0 2.34044153420591e-17
92659.0 2.3751576427702706e-17
92660.0 2.371429208877249e-17
92661.0 2.3648936548574676e-17
92662.0 2.2996509007361745e-17
92663.0 2.1549998417855564e-17
92664.0 1.85895599509686e-17
92665.0 1.8802605694405613e-17
92666.0 2.2044416677687697e-17
92667.0 2.208838256801581e-17
92668.0 2.17450430568022e-17
92669.0 2.4203804340391572e-17
92670.0 2.5459761468086974e-17
92671.0 2.5397374265517306e-17
92672.0 2.5021356157024176e-17
92673.0 2.3857734305975924e-17
92674.0 2.3882477759639223e-17
92675.0 2.3743988699943757e-17
92676.0 2.2957080202693486e-17
92677.0 2.4076837079448357e-17
92678.0 2.551151236875013e-17
92679.0 2.5743677978456e-17
92680.0 2.579973021830443e-17
92681.0 2.4676611679540144e-17
92682.0 2.4276635111785028e-17
92683.0 2.5359810753130354e-17
92684.0 2.6319401475057195e-17
92685.0 2.639110397209513e-17
92686.0 2.6609294365351917e-17
92687.0 2.6821724272822885e-17
92688.0 2.6488487118430385e-17
92689.0 2.5629315709277175e-17
92690.0 2.474635582647786e-17
92691.0 2.4729873425592128e-17
92692.0 2.530735219945316e-17
92693.0 2.56287441274739e-17
92694.0 2.6374509488236397e-17
92695.0 2.6077823377161084e-17
92696.0 2.4925629853455864e-17
92697.0 2.5882734897641983e-17
92698.0 2.578550271176852e-17
92699.0 2.483935077966352e-17
92700.0 2.4313407012325767e-17
92701.0 2.5943541358061063e-17
92702.0 2.6698681156705622e-17
92703.0 2.654392021359032e-17
92704.0 2.5743378539074256e-17
92705.0 2.52057975812888e-17
92706.0 2.5354647078156492e-17
92707.0 2.4802212851701727e-17
92708.0 2.3130528810207587e-17
92709.0 1.9646477570949042e-17
92710.0 1.9746470058526596e-17
92711.0 2.158792588971204e-17
92712.0 1.8580068053439554e-17
92713.0 1.6810516551361508e-17
92714.0 1.6981377324329236e-17
